#;Temperatura;T;K
#;Entalpia;h;kJ/kg
#;Presion relativa;Pr;
#;Energia interna;u;kJ/kg
#;Volumen relativo;Vr;
#;Entropia;S;kJ/(kg*K)
200;199.97;0.34;142.56;1707.00;1.30
210.00;209.97;0.40;149.69;1512.00;1.34
220.00;219.97;0.47;156.82;1346.00;1.39
230.00;230.02;0.55;164.00;1205.00;1.44
240.00;240.02;0.64;171.13;1084.00;1.48
250.00;250.05;0.73;178.28;979.00;1.52
260.00;260.09;0.84;185.45;887.80;1.56
270.00;270.11;0.96;192.60;808.00;1.60
280.00;280.13;1.09;199.75;738.00;1.63
285.00;285.14;1.16;203.33;706.10;1.65
290.00;290.16;1.23;206.91;676.10;1.67
295.00;295.17;1.31;210.49;647.90;1.69
298.00;298.18;1.35;212.64;631.90;1.70
300.00;300.19;1.39;214.07;621.20;1.70
305.00;305.22;1.47;217.67;596.00;1.72
310.00;310.24;1.55;221.25;572.30;1.73
315.00;315.27;1.64;224.85;549.80;1.75
320.00;320.29;1.74;228.42;528.60;1.77
325.00;325.31;1.83;232.02;508.40;1.78
330.00;330.34;1.94;235.61;489.40;1.80
340.00;340.42;2.15;242.82;454.10;1.83
350.00;350.49;2.38;250.02;422.20;1.86
360.00;360.58;2.63;257.24;393.40;1.89
370.00;370.67;2.89;264.46;367.20;1.91
380.00;380.77;3.18;271.69;343.40;1.94
390.00;390.88;3.48;278.93;321.50;1.97
400.00;400.98;3.81;286.16;301.60;1.99
410.00;411.12;4.15;293.43;283.30;2.02
420.00;421.26;4.52;300.69;266.60;2.04
430.00;431.43;4.92;307.99;251.10;2.07
440.00;441.61;5.33;315.30;236.80;2.09
450.00;451.80;5.78;322.62;223.60;2.11
460.00;462.02;6.25;329.97;211.40;2.13
470.00;472.24;6.74;337.32;200.10;2.16
480.00;482.49;7.27;344.70;189.50;2.18
490.00;492.74;7.82;352.08;179.70;2.20
500.00;503.02;8.41;359.49;170.60;2.22
510.00;513.32;9.03;366.92;162.10;2.24
520.00;523.63;9.68;374.36;154.10;2.26
530.00;533.98;10.37;381.84;146.70;2.28
540.00;544.35;11.10;389.34;139.70;2.30
550.00;555.74;11.86;396.86;133.10;2.32
560.00;565.17;12.66;404.42;127.00;2.34
570.00;575.59;13.50;411.97;121.20;2.36
580.00;586.04;14.38;419.55;115.70;2.37
590.00;596.52;15.31;427.15;110.60;2.39
600.00;607.02;16.28;434.78;105.80;2.41
610.00;617.53;17.30;442.42;101.20;2.43
620.00;628.07;18.36;450.09;96.92;2.44
630.00;638.63;19.84;457.78;92.84;2.46
640.00;649.22;20.64;465.50;88.99;2.48
650.00;659.84;21.86;473.25;85.34;2.49
660.00;670.47;23.13;481.01;81.89;2.51
670.00;681.14;24.46;488.81;78.61;2.53
680.00;691.82;25.85;496.62;75.50;2.54
690.00;702.52;27.29;504.45;72.56;2.56
700.00;713.27;28.80;512.33;69.76;2.57
710.00;724.04;30.38;520.23;67.07;2.59
720.00;734.82;32.02;528.14;64.53;2.60
730.00;745.62;33.72;536.07;62.13;2.62
740.00;756.44;35.50;544.02;59.82;2.63
750.00;767.29;37.35;551.99;57.63;2.65
760.00;778.18;39.27;560.01;55.54;2.66
780.00;800.03;43.35;576.12;51.64;2.69
800.00;821.95;47.75;592.30;48.08;2.72
820.00;843.98;52.59;608.59;44.84;2.75
840.00;866.08;57.60;624.95;41.85;2.77
860.00;888.27;63.09;641.40;39.12;2.80
880.00;910.56;68.98;657.95;36.61;2.82
900.00;932.93;75.29;674.58;34.31;2.85
920.00;955.38;82.05;691.28;32.18;2.87
940.00;977.92;89.28;708.08;30.22;2.90
960.00;1000.55;97.00;725.02;28.40;2.92
980.00;1023.25;105.20;741.98;26.73;2.94
1000.00;1046.04;114.00;758.94;25.17;2.97
1020.00;1068.89;123.40;776.10;23.72;2.99
1040.00;1091.85;133.30;793.36;23.29;3.01
1060.00;1114.86;143.90;810.62;21.14;3.03
1080.00;1137.89;155.20;827.88;19.98;3.06
1100.00;1161.07;167.10;845.33;18.90;3.08
1120.00;1184.28;179.70;862.79;17.89;3.10
1140.00;1207.57;193.10;880.35;16.95;3.12
1160.00;1230.92;207.20;897.91;16.06;3.14
1180.00;1254.34;222.20;915.57;15.24;3.16
1200.00;1277.79;238.00;933.33;14.47;3.18
1220.00;1301.31;254.70;951.09;13.75;3.20
1240.00;1324.93;272.30;968.95;13.07;3.22
1260.00;1348.55;290.80;986.90;12.44;3.24
1280.00;1372.24;310.40;1004.76;11.84;3.26
1300.00;1395.97;330.90;1022.82;11.28;3.27
1320.00;1419.76;352.50;1040.88;10.75;3.29
1340.00;1443.60;375.30;1058.94;10.25;3.31
1360.00;1467.49;399.10;1077.10;9.78;3.33
1380.00;1491.44;424.20;1095.26;9.34;3.34
1400.00;1515.42;450.50;1113.52;8.92;3.36
1420.00;1539.44;478.00;1131.77;8.53;3.38
1440.00;1563.51;506.90;1150.13;8.15;3.40
1460.00;1587.63;537.10;1168.49;7.80;3.41
1480.00;1611.79;568.80;1186.95;7.47;3.43
1500.00;1635.97;601.90;1205.41;7.15;3.45
1520.00;1660.23;636.50;1223.87;6.85;3.46
1540.00;1684.51;672.80;1242.43;6.57;3.48
1560.00;1708.82;710.50;1260.99;6.30;3.49
1580.00;1733.17;750.00;1279.65;6.05;3.51
1600.00;1757.57;791.20;1298.30;5.80;3.52
1620.00;1782.00;834.10;1316.96;5.57;3.54
1640.00;1806.46;878.90;1335.72;5.36;3.55
1660.00;1830.96;925.60;1354.48;5.15;3.57
1680.00;1855.50;974.20;1373.24;4.95;3.58
1700.00;1880.10;1025.00;1392.70;4.76;3.60
1750.00;1941.60;1161.00;1439.80;4.33;3.63
1800.00;2003.30;1310.00;1487.20;3.99;3.67
1850.00;2065.30;1475.00;1534.90;3.60;3.70
1900.00;2127.40;1655.00;1582.60;3.30;3.74
1950.00;2189.70;1852.00;1630.60;3.02;3.77
2000.00;2252.10;2068.00;1678.70;2.78;3.80
2050.00;2314.60;2303.00;1726.80;2.56;3.83
2100.00;2377.70;2559.00;1775.30;2.36;3.86
2150.00;2440.30;2837.00;1823.80;2.18;3.89
2200.00;2503.20;3138.00;1872.40;2.01;3.92
2250.00;2566.40;3464.00;1921.30;1.86;3.95
