#;Temperatura;T;C
#;Presion;P;kPa
#;Volumen especifico del liquido;Vl;m3/kg
#;Volumen especifico del vapor;Vv;m3/kg
#;Energia interna del liquido;ul;kJ/kg
#;Energia interna de evaporacion;uevap;kJ/kg
#;Energia interna del vapor;uv;kJ/kg
#;Entalpia del liquido;hl;kJ/kg
#;Entalpia de evaporacion;hevap;kJ/kg
#;Entalpia del vapor;hv;kJ/kg
#;Entropia del liquido;sl;kJ/(kg*K)
#;Entropia de evaporacion;sevap;kJ/(kg*K)
#;Entropia del vapor;sv;kJ/(kg*K)
-40;51.25;0.0007054;0.36081;-0.036;207.4;207.37;0;225.86;225.86;0;0.96866;0.96866
-38;56.86;0.0007083;0.32732;2.475;206.04;208.51;2.515;224.61;227.12;0.01072;0.95511;0.96584
-36.95;60;0.0007098;0.31121;3.798;205.32;209.12;3.841;223.95;227.79;0.01634;0.94807;0.96441
-36;62.96;0.0007112;0.29751;4.992;204.67;209.66;5.037;223.35;228.39;0.02138;0.94176;0.96315
-34;69.56;0.0007142;0.2709;7.517;203.29;210.81;7566;222.09;229.65;0.03199;0.92859;0.96058
-33.87;70;0.0007144;0.26929;7.68;203.2;210.88;7.73;222;229.73;0.03267;0.92775;0.96042
-32;76.71;0.0007172;0.24711;10.05;201.91;211.96;10.1;220.81;230.91;0.04253;0.9156;0.95813
-31.13;80;0.0007185;0.23753;11.15;201.3;212.46;11.21;220.25;231.46;0.04711;0.90999;0.9571
-30;84.43;0.0007203;0.2258;12.59;200.52;213.11;12.65;219.52;232.17;0.05301;0.90278;0.95579
-28.65;90;0.0007223;0.21263;14.31;199.57;213.88;14.37;21865;233.02;0.06008;0.89419;0.95427
-28;92.76;0.0007234;0.20666;15.13;199.12;214.25;15.2;218.22;233.43;0.06344;0.89012;0.95356
-26.37;100;0.0007259;0.19254;17.21;197.98;215.19;17.28;217.16;234.44;0.07188;0.87995;0.95183
-26;101.73;0.0007265;0.18946;17.69;197.72;215.4;17.76;216.92;234.68;0.07382;0.87762;0.95144
-24;111.37;0.0007297;0.17395;20.25;196.3;216.55;20.33;215.59;235.92;0.08414;0.86527;0.94941
-22.32;120;0.0007324;0.16212;22.4;195.11;217.51;22.49;214.48;236.97;0.09275;85503;0.94779
-22;121.72;0.0007329;0.15995;22.82;194.88;217.7;22.91;214.26;237.17;0.09441;0.85307;0.94748
-20;132.82;0.0007362;0.14729;25.39;193.45;218.84;25.49;212.91;238.41;0.10463;0.84101;0.94564
-18.77;140;0.0007383;0.14014;26.98;192.57;219.54;27.08;212.08;239.16;0.11087;0.83368;0.94456
-18;144.69;0.0007396;0.13583;2798;192.01;219.98;28.09;211.55;239.64;0.11481;0.82908;0.94389
-16;157.38;0.000743;0.12542;30.57;190.56;221.13;30.69;210.18;24087;0.12493;0.81729;0.94222
-15.6;160;0.0007437;0.12348;31.09;190.27;221.35;31.21;209.9;241.11;0.12693;0.81496;0.9419
-14;170.93;0.0007464;0.11597;33.17;189.09;222.27;33.3;208.79;242.09;0.13501;0.80561;0.94063
-12.73;180;0.0007487;0.11041;34.83;188.16;222.99;34.97;207.9;24286;0.14139;0.79826;0.93965
-12;185.37;0.0007499;0.10736;35.78;187.62;223.4;35.92;207.38;243.3;0.14504;0.79406;0.93911
-10.09;200;0.0007533;0.099867;38.28;186.21;224.48;38.43;206.03;244.46;0.15457;0.78316;0.93773
-10;200.74;0.0007535;0.099516;38.4;186.14;224.54;38.55;205.96;244.51;0.15504;0.78263;0.93766
-8;217.08;0.0007571;0.092352;41.03;184.64;225.67;41.19;204.52;245.72;0.16498;0.7713;0.93629
-6;234.44;0.0007608;0.085802;43.66;183.13;226.8;43.84;203.07;246.91;0.17489;0.76008;0.93497
-5.38;240;0.000762;0.083897;44.48;182.67;227.14;44.66;202.62;247.28;0.17794;0.75664;0.93458
-4;252.85;0.0007646;0.079804;46.31;181.61;227.92;46.5;201.6;248.1;0.18476;0.74896;0.93372
-2;272.36;0.0007684;0.074304;48.96;180.08;229.04;49.17;200.11;249.28;0.19459;0.73794;0.93253
-1.25;280;0.0007699;0.072352;49.97;179.5;229.46;50.18;199.54;249.72;0.19829;0.73381;0.9321
0;293.01;0.0007723;0.069255;51.63;178.53;230.16;51.86;198.6;250.45;0.20439;0.72701;0.93139
2;314.84;0.0007763;0.064612;54.3;176.97;231.27;54.55;197.07;251.61;0.21415;0.71616;0.93031
2.46;320;0.0007772;0.063604;54.92;176.61;231.52;55.16;196.71;251.88;0.21637;0.71369;0.93006
4;337.9;0.0007804;0.060338;56.99;175.39;232.38;57.25;195.51;252.77;0.22387;0.7054;0.92927
5.82;360;0.0007841;0.056738;59.44;173.94;233.38;59.72;194.08;253.81;0.2327;0.69566;0.92836
6;362.23;0.0007845;0.056398;59.68;173.8;233.48;59.97;193.94;253.91;0.23356;0.69471;92823
8;387.88;0.0007887;0.052762;62.39;172.19;234.58;62.69;192.35;255.04;0.24323;0.6841;92733
8.91;400;0.0007907;0.051201;63.62;171.45;235.07;63.94;191.62;255.55;0.24761;0.67929;0.92691
10;414.89;0.000793;0.049403;65.1;170.56;235.67;65.43;190.73;256.16;0.25286;0.67356;92641
12;443.31;0.0007975;0.046295;67.83;168.92;236.75;68.18;189.09;257.27;0.26246;0.66308;0.92554
12.46;450;0.0007985;0.045619;68.45;168.54;237;68.81;188.71;257.53;0.26465;0.66069;0.92535
14;473.19;0.000802;0.043417;70.57;167.26;237.83;70.95;187.42;258.37;0.27204;0.65266;0.9247
15.71;500;0.0008059;0.041118;72.93;165.82;238.75;73.33;185.98;259.3;0.28023;0.64377;0.924
16;504.58;0.0008066;0.040748;73.32;165.58;238.9;73.73;185.73;259.46;0.28159;0.6423;0.92389
18;537.52;0.0008113;0.038271;76.08;163.88;239.96;76.52;184.01;260.53;0.29112;0.63198;0.9231
18.73;550;0.000813;0.037408;77.1;163.25;240.35;77.54;183.38;250.92;0.29461;0.62821;0.92282
20;572.07;0.0008161;0.035969;78.86;162.16;241.02;79.32;182.27;261.59;0.30063;0.62172;0.92234
21.55;600;0.0008199;0.034295;81.02;160.81;241.83;81.51;180.9;262.4;0.30799;0.61378;0.92177
22;608.27;0.000821;0.033828;81.64;160.42;242.06;82.14;180.49;262.64;0.31011;0.61149;0.9216
24;646.18;0.0008261;0.031834;84.44;158.65;243.1;84.98;178.69;263.67;0.31958;0.6013;0.92088
24.2;650;0.0008266;0.031646;84.72;158.48;243.2;85.26;178.51;263.77;0.32051;0.6003;0.92081
26;685.84;0.0008313;0.029976;87.26;156.87;244.12;87.83;176.85;264.68;0.32903;0.59115;0.92018
26.69;700;0.0008331;0.029361;88.24;156.24;244.48;88.82;176.21;265.03;0.3323;0.58763;0.91994
28;727.31;0.0008366;0.028242;90.09;155.05;245.14;90.69;174.99;265.68;0.33846;0.58102;0.91948
29.06;750;0.0008395;0.027371;91.59;154.08;245.67;92.22;173.98;266.2;0.34345;0.57567;0.91912
30;770.64;0.0008421;0.026622;92.93;153.22;246.14;93.58;173.08;266.66;0.34789;0.57091;0.91879
31.31;800;0.0008458;0.025621;94.79;152;246.79;95.47;171.82;267.29;0.35404;0.56431;0.91835
32;815.89;0.0008478;0.025108;95.79;151.35;247.14;96.48;171.14;267.62;0.3573;0.56082;0.91811
33.45;850;0.000852;0.024069;97.87;149.98;247.85;98.6;169.71;268.31;0.36413;0.55349;0.91762
34;863.11;0.0008536;0.023691;98.66;149.46;248.12;99.4;169.17;268.57;0.3667;0.55074;0.91743
35.51;900;0.000858;0.022683;100.83;148.01;24885;101.61;167.66;269.26;0.37377;0.54315;0.91692
36;912.35;0.0008595;0.022364;101.55;147.54;249.08;102.33;167.16;269.49;0.37609;0.54066;0.91675
37.48;950;0.0008641;0.021438;103.69;146.1;249.79;104.51;165.64;270.15;0.38301;0.53323;0.91624
38;963.68;0.0008657;0.021119;104.45;145.58;250.04;105.29;165.1;270.39;0.38548;0.53058;0.91606
39.37;1000;0.00087;0.020313;106.45;144.23;250.68;107.32;163.67;270.99;0.39189;0.52368;0.91558
40;1017.1;0.000872;0.019952;107.38;143.6;250.97;108.26;163;271.27;0.39486;0.52049;0.91536
42;1072.8;0.0008786;0.018855;110.32;141.58;251.89;111.26;160.86;272.12;0.40425;0.51039;0.91464
44;1130.7;0.0008854;0.017824;113.28;139.52;252.8;114.28;158.67;272.95;0.41363;0.50027;0.91391
46;1191;0.0008924;0.016853;116.26;137.42;253.68;117.32;156.43;273.75;0.42302;0.49012;91315
46.29;1200;0.0008934;0.016715;116.7;137.11;253.81;117.77;156.1;273.87;0.42441;0.48863;0.91303
48;1253.6;0.0008996;0.015939;119.26;135.29;254.55;120.39;154.14;274.53;0.43242;0.47993;0.91236
52;1386.2;0.000915;0.014265;125.33;130.88;256.21;126.59;149.39;275.98;0.45126;0.45941;0.91067
52.4;1400;0.0009166;0.014107;125.94;130.43;256.37;127.22;14890;276.12;0.45315;0.45734;0.9105
56;1529.1;0.0009317;0.012771;131.49;126.28;257.77;132.91;144.38;277.3;0.47018;43863;0.9088
57.88;1600;0.00094;0.012123;134.43;12404;258.47;13593;141.93;277.86;0.47911;0.42873;90784
60;1682.8;0.0009498;0.011434;137.76;121.46;259.22;139.36;139.1;278.46;0.4892;0.41749;0.90669
62.87;1800;0.0009639;0.010559;142.33;117.83;260.17;144.07;135.11;279.17;0.50294;0.40204;90498
65;1891;0.000975;0.00995;145.77;115.05;260.82;147.62;132.02;279.64;0.5132;0.39039;0.90359
67.45;2000;0.0009886;0.009288;149.78;111.73;261.51;151.76;128.33;280.09;0.52509;0.37675;0.90184
70;2118.2;0.0010037;0.008642;154.01;108.14;262.15;156.13;124.32;280.46;0.53755;0.36227;0.89982
75;2365.8;0.0010372;0.00748;162.53;100.6;263.13;164.98;115.85;280.82;0.56241;0.33272;0.89512
77.54;2500;0.0010566;0.006936;166.99;96.47;263.45;169.63;111.16;280.79;0.57531;0.31695;0.89226
80;2635.3;0.0010772;0.006436;171.4;92.23;263.63;174.24;106.35;280.59;0.588;0.30111;0.88912
85;2928.2;0.001127;0.005486;180.77;82.67;263.44;184.07;95.44;279.51;0.61473;0.26644;0.88117
86.16;3000;0.0011406;0.005275;183.04;80.22;263.26;186.46;92.63;279.09;0.62118;0.25776;0.87894
90;3246.9;0.0011932;0.004599;190.89;71.29;262.18;194.76;82.35;277.11;0.64336;0.22674;0.8701
95;3594.1;0.0012933;0.003726;202.4;56.47;258.87;207.05;65.21;272.26;0.67578;0.17711;0.85289
100;3975.1;0.0015269;0.00263;218.72;29.19;247.91;224.79;33.58;258.37;0.72217;0.08999;0.81215
